const unsigned char VedioBuff  = {
{45, 45, 45, 45, 45, 45, 45, 45, 45, 45, 45, 45, 45, 45, 45, 45, 45, 45, 45, 45, 45, 45, 45, 45, 80, 80, 80, 100, 100, 100, 120, 120, 120, 100, 100, 100, 80, 80, 80, 45, 45, 45, 45, 45, 45, 100, 100, 100, 180, 180, 180, 210, 210, 210, 180, 180, 180, 100, 100, 100, 45, 45, 45, 45, 45, 45, 120, 120, 120, 210, 210, 210, 255, 255, 255, 210, 210, 210, 120, 120, 120, 45, 45, 45, 45, 45, 45, 100, 100, 100, 180, 180, 180, 210, 210, 210, 180, 180, 180, 100, 100, 100, 45, 45, 45, 45, 45, 45, 80, 80, 80, 100, 100, 100, 120, 120, 120, 100, 100, 100, 80, 80, 80, 45, 45, 45, 45, 45, 45, 45, 45, 45, 45, 45, 45, 45, 45, 45, 45, 45, 45, 45, 45, 45, 45, 45, 45},
{45, 45, 45, 45, 45, 45, 45, 45, 45, 45, 45, 45, 45, 45, 45, 45, 45, 45, 45, 45, 45, 45, 45, 45, 80, 80, 80, 100, 100, 100, 119, 119, 119, 100, 100, 100, 80, 80, 80, 45, 45, 45, 45, 45, 45, 100, 100, 100, 180, 180, 180, 210, 210, 210, 180, 180, 180, 100, 100, 100, 45, 45, 45, 45, 45, 45, 119, 119, 119, 210, 210, 210, 253, 253, 253, 210, 210, 210, 119, 119, 119, 45, 45, 45, 45, 45, 45, 100, 100, 100, 180, 180, 180, 210, 210, 210, 180, 180, 180, 100, 100, 100, 45, 45, 45, 45, 45, 45, 80, 80, 80, 100, 100, 100, 119, 119, 119, 100, 100, 100, 80, 80, 80, 45, 45, 45, 45, 45, 45, 45, 45, 45, 45, 45, 45, 45, 45, 45, 45, 45, 45, 45, 45, 45, 45, 45, 45},
{45, 45, 45, 45, 45, 45, 45, 45, 45, 45, 45, 45, 45, 45, 45, 45, 45, 45, 45, 45, 45, 45, 45, 45, 79, 79, 79, 99, 99, 99, 118, 118, 118, 98, 98, 98, 79, 79, 79, 45, 45, 45, 45, 45, 45, 98, 98, 98, 179, 179, 179, 208, 208, 208, 179, 179, 179, 98, 98, 98, 45, 45, 45, 45, 45, 45, 118, 118, 118, 208, 208, 208, 250, 250, 250, 208, 208, 208, 118, 118, 118, 45, 45, 45, 45, 45, 45, 98, 98, 98, 179, 179, 179, 208, 208, 208, 179, 179, 179, 98, 98, 98, 45, 45, 45, 45, 45, 45, 79, 79, 79, 98, 98, 98, 118, 118, 118, 99, 99, 99, 79, 79, 79, 45, 45, 45, 45, 45, 45, 45, 45, 45, 45, 45, 45, 45, 45, 45, 45, 45, 45, 45, 45, 45, 45, 45, 45},
{45, 45, 45, 45, 45, 45, 45, 45, 45, 45, 45, 45, 45, 45, 45, 45, 45, 45, 45, 45, 45, 45, 45, 45, 79, 79, 79, 98, 98, 98, 115, 115, 115, 97, 97, 97, 78, 78, 78, 45, 45, 45, 45, 45, 45, 97, 97, 97, 177, 177, 177, 206, 206, 206, 177, 177, 177, 97, 97, 97, 45, 45, 45, 45, 45, 45, 115, 115, 115, 206, 206, 206, 245, 245, 245, 206, 206, 206, 115, 115, 115, 45, 45, 45, 45, 45, 45, 97, 97, 97, 177, 177, 177, 206, 206, 206, 177, 177, 177, 97, 97, 97, 45, 45, 45, 45, 45, 45, 78, 78, 78, 97, 97, 97, 115, 115, 115, 98, 98, 98, 79, 79, 79, 45, 45, 45, 45, 45, 45, 45, 45, 45, 45, 45, 45, 45, 45, 45, 45, 45, 45, 45, 45, 45, 45, 45, 45},
{45, 45, 45, 45, 45, 45, 45, 45, 45, 45, 45, 45, 45, 45, 45, 45, 45, 45, 45, 45, 45, 45, 45, 45, 78, 78, 78, 95, 95, 95, 112, 112, 112, 94, 94, 94, 76, 76, 76, 45, 45, 45, 45, 45, 45, 94, 94, 94, 175, 175, 175, 203, 203, 203, 175, 175, 175, 94, 94, 94, 45, 45, 45, 45, 45, 45, 112, 112, 112, 203, 203, 203, 239, 239, 239, 203, 203, 203, 112, 112, 112, 45, 45, 45, 45, 45, 45, 94, 94, 94, 175, 175, 175, 203, 203, 203, 175, 175, 175, 94, 94, 94, 45, 45, 45, 45, 45, 45, 76, 76, 76, 94, 94, 94, 112, 112, 112, 95, 95, 95, 78, 78, 78, 45, 45, 45, 45, 45, 45, 45, 45, 45, 45, 45, 45, 45, 45, 45, 45, 45, 45, 45, 45, 45, 45, 45, 45},
{45, 45, 45, 45, 45, 45, 45, 45, 45, 45, 45, 45, 45, 45, 45, 45, 45, 45, 45, 45, 45, 45, 45, 45, 77, 77, 77, 95, 95, 95, 108, 108, 108, 91, 91, 91, 75, 75, 75, 45, 45, 45, 45, 45, 45, 91, 91, 91, 173, 173, 173, 200, 200, 200, 173, 173, 173, 91, 91, 91, 45, 45, 45, 45, 45, 45, 108, 108, 108, 200, 200, 200, 233, 233, 233, 200, 200, 200, 108, 108, 108, 45, 45, 45, 45, 45, 45, 91, 91, 91, 173, 173, 173, 200, 200, 200, 173, 173, 173, 91, 91, 91, 45, 45, 45, 45, 45, 45, 75, 75, 75, 91, 91, 91, 108, 108, 108, 95, 95, 95, 77, 77, 77, 45, 45, 45, 45, 45, 45, 45, 45, 45, 45, 45, 45, 45, 45, 45, 45, 45, 45, 45, 45, 45, 45, 45, 45},
{45, 45, 45, 45, 45, 45, 45, 45, 45, 45, 45, 45, 45, 45, 45, 45, 45, 45, 45, 45, 45, 45, 45, 45, 75, 75, 75, 93, 93, 93, 104, 104, 104, 88, 88, 88, 72, 72, 72, 45, 45, 45, 45, 45, 45, 88, 88, 88, 170, 170, 170, 196, 196, 196, 170, 170, 170, 88, 88, 88, 45, 45, 45, 45, 45, 45, 104, 104, 104, 196, 196, 196, 227, 227, 227, 196, 196, 196, 104, 104, 104, 45, 45, 45, 45, 45, 45, 88, 88, 88, 170, 170, 170, 196, 196, 196, 170, 170, 170, 88, 88, 88, 45, 45, 45, 45, 45, 45, 72, 72, 72, 88, 88, 88, 104, 104, 104, 93, 93, 93, 75, 75, 75, 45, 45, 45, 45, 45, 45, 45, 45, 45, 45, 45, 45, 45, 45, 45, 45, 45, 45, 45, 45, 45, 45, 45, 45},
{45, 45, 45, 45, 45, 45, 45, 45, 45, 45, 45, 45, 45, 45, 45, 45, 45, 45, 45, 45, 45, 45, 45, 45, 75, 75, 75, 90, 90, 90, 99, 99, 99, 85, 85, 85, 70, 70, 70, 45, 45, 45, 45, 45, 45, 85, 85, 85, 167, 167, 167, 191, 191, 191, 167, 167, 167, 85, 85, 85, 45, 45, 45, 45, 45, 45, 99, 99, 99, 191, 191, 191, 220, 220, 220, 191, 191, 191, 99, 99, 99, 45, 45, 45, 45, 45, 45, 85, 85, 85, 167, 167, 167, 191, 191, 191, 167, 167, 167, 85, 85, 85, 45, 45, 45, 45, 45, 45, 70, 70, 70, 85, 85, 85, 99, 99, 99, 90, 90, 90, 75, 75, 75, 45, 45, 45, 45, 45, 45, 45, 45, 45, 45, 45, 45, 45, 45, 45, 45, 45, 45, 45, 45, 45, 45, 45, 45},
{45, 45, 45, 45, 45, 45, 45, 45, 45, 45, 45, 45, 45, 45, 45, 45, 45, 45, 45, 45, 45, 45, 45, 45, 72, 72, 72, 88, 88, 88, 94, 94, 94, 82, 82, 82, 68, 68, 68, 45, 45, 45, 45, 45, 45, 82, 82, 82, 163, 163, 163, 187, 187, 187, 163, 163, 163, 82, 82, 82, 45, 45, 45, 45, 45, 45, 94, 94, 94, 187, 187, 187, 213, 213, 213, 187, 187, 187, 94, 94, 94, 45, 45, 45, 45, 45, 45, 82, 82, 82, 163, 163, 163, 187, 187, 187, 163, 163, 163, 82, 82, 82, 45, 45, 45, 45, 45, 45, 68, 68, 68, 82, 82, 82, 94, 94, 94, 88, 88, 88, 72, 72, 72, 45, 45, 45, 45, 45, 45, 45, 45, 45, 45, 45, 45, 45, 45, 45, 45, 45, 45, 45, 45, 45, 45, 45, 45},
{45, 45, 45, 45, 45, 45, 45, 45, 45, 45, 45, 45, 45, 45, 45, 45, 45, 45, 45, 45, 45, 45, 45, 45, 70, 70, 70, 85, 85, 85, 88, 88, 88, 77, 77, 77, 65, 65, 65, 45, 45, 45, 45, 45, 45, 77, 77, 77, 160, 160, 160, 180, 180, 180, 160, 160, 160, 77, 77, 77, 45, 45, 45, 45, 45, 45, 88, 88, 88, 180, 180, 180, 206, 206, 206, 180, 180, 180, 88, 88, 88, 45, 45, 45, 45, 45, 45, 77, 77, 77, 160, 160, 160, 180, 180, 180, 160, 160, 160, 77, 77, 77, 45, 45, 45, 45, 45, 45, 65, 65, 65, 77, 77, 77, 88, 88, 88, 85, 85, 85, 70, 70, 70, 45, 45, 45, 45, 45, 45, 45, 45, 45, 45, 45, 45, 45, 45, 45, 45, 45, 45, 45, 45, 45, 45, 45, 45},
{45, 45, 45, 45, 45, 45, 45, 45, 45, 45, 45, 45, 45, 45, 45, 45, 45, 45, 45, 45, 45, 45, 45, 45, 68, 68, 68, 82, 82, 82, 83, 83, 83, 73, 73, 73, 63, 63, 63, 45, 45, 45, 45, 45, 45, 73, 73, 73, 155, 155, 155, 176, 176, 176, 155, 155, 155, 73, 73, 73, 45, 45, 45, 45, 45, 45, 83, 83, 83, 176, 176, 176, 198, 198, 198, 176, 176, 176, 83, 83, 83, 45, 45, 45, 45, 45, 45, 73, 73, 73, 155, 155, 155, 176, 176, 176, 155, 155, 155, 73, 73, 73, 45, 45, 45, 45, 45, 45, 63, 63, 63, 73, 73, 73, 83, 83, 83, 82, 82, 82, 68, 68, 68, 45, 45, 45, 45, 45, 45, 45, 45, 45, 45, 45, 45, 45, 45, 45, 45, 45, 45, 45, 45, 45, 45, 45, 45},
{45, 45, 45, 45, 45, 45, 45, 45, 45, 45, 45, 45, 45, 45, 45, 45, 45, 45, 45, 45, 45, 45, 45, 45, 68, 68, 68, 79, 79, 79, 77, 77, 77, 68, 68, 68, 61, 61, 61, 45, 45, 45, 45, 45, 45, 68, 68, 68, 150, 150, 150, 170, 170, 170, 150, 150, 150, 68, 68, 68, 45, 45, 45, 45, 45, 45, 77, 77, 77, 170, 170, 170, 191, 191, 191, 170, 170, 170, 77, 77, 77, 45, 45, 45, 45, 45, 45, 68, 68, 68, 150, 150, 150, 170, 170, 170, 150, 150, 150, 68, 68, 68, 45, 45, 45, 45, 45, 45, 61, 61, 61, 68, 68, 68, 77, 77, 77, 79, 79, 79, 68, 68, 68, 45, 45, 45, 45, 45, 45, 45, 45, 45, 45, 45, 45, 45, 45, 45, 45, 45, 45, 45, 45, 45, 45, 45, 45},
{45, 45, 45, 45, 45, 45, 45, 45, 45, 45, 45, 45, 45, 45, 45, 45, 45, 45, 45, 45, 45, 45, 45, 45, 65, 65, 65, 76, 76, 76, 71, 71, 71, 64, 64, 64, 57, 57, 57, 45, 45, 45, 45, 45, 45, 64, 64, 64, 146, 146, 146, 164, 164, 164, 146, 146, 146, 64, 64, 64, 45, 45, 45, 45, 45, 45, 71, 71, 71, 164, 164, 164, 183, 183, 183, 164, 164, 164, 71, 71, 71, 45, 45, 45, 45, 45, 45, 64, 64, 64, 146, 146, 146, 164, 164, 164, 146, 146, 146, 64, 64, 64, 45, 45, 45, 45, 45, 45, 57, 57, 57, 64, 64, 64, 71, 71, 71, 76, 76, 76, 65, 65, 65, 45, 45, 45, 45, 45, 45, 45, 45, 45, 45, 45, 45, 45, 45, 45, 45, 45, 45, 45, 45, 45, 45, 45, 45},
{45, 45, 45, 45, 45, 45, 45, 45, 45, 45, 45, 45, 45, 45, 45, 45, 45, 45, 45, 45, 45, 45, 45, 45, 63, 63, 63, 73, 73, 73, 66, 66, 66, 61, 61, 61, 55, 55, 55, 45, 45, 45, 45, 45, 45, 61, 61, 61, 141, 141, 141, 158, 158, 158, 141, 141, 141, 61, 61, 61, 45, 45, 45, 45, 45, 45, 66, 66, 66, 158, 158, 158, 176, 176, 176, 158, 158, 158, 66, 66, 66, 45, 45, 45, 45, 45, 45, 61, 61, 61, 141, 141, 141, 158, 158, 158, 141, 141, 141, 61, 61, 61, 45, 45, 45, 45, 45, 45, 55, 55, 55, 61, 61, 61, 66, 66, 66, 73, 73, 73, 63, 63, 63, 45, 45, 45, 45, 45, 45, 45, 45, 45, 45, 45, 45, 45, 45, 45, 45, 45, 45, 45, 45, 45, 45, 45, 45},
{45, 45, 45, 45, 45, 45, 45, 45, 45, 45, 45, 45, 45, 45, 45, 45, 45, 45, 45, 45, 45, 45, 45, 45, 61, 61, 61, 69, 69, 69, 61, 61, 61, 57, 57, 57, 54, 54, 54, 45, 45, 45, 45, 45, 45, 57, 57, 57, 136, 136, 136, 151, 151, 151, 136, 136, 136, 57, 57, 57, 45, 45, 45, 45, 45, 45, 61, 61, 61, 151, 151, 151, 168, 168, 168, 151, 151, 151, 61, 61, 61, 45, 45, 45, 45, 45, 45, 57, 57, 57, 136, 136, 136, 151, 151, 151, 136, 136, 136, 57, 57, 57, 45, 45, 45, 45, 45, 45, 54, 54, 54, 57, 57, 57, 61, 61, 61, 69, 69, 69, 61, 61, 61, 45, 45, 45, 45, 45, 45, 45, 45, 45, 45, 45, 45, 45, 45, 45, 45, 45, 45, 45, 45, 45, 45, 45, 45},
{45, 45, 45, 45, 45, 45, 45, 45, 45, 45, 45, 45, 45, 45, 45, 45, 45, 45, 45, 45, 45, 45, 45, 45, 58, 58, 58, 66, 66, 66, 57, 57, 57, 54, 54, 54, 50, 50, 50, 45, 45, 45, 45, 45, 45, 54, 54, 54, 132, 132, 132, 144, 144, 144, 132, 132, 132, 54, 54, 54, 45, 45, 45, 45, 45, 45, 57, 57, 57, 144, 144, 144, 160, 160, 160, 144, 144, 144, 57, 57, 57, 45, 45, 45, 45, 45, 45, 54, 54, 54, 132, 132, 132, 144, 144, 144, 132, 132, 132, 54, 54, 54, 45, 45, 45, 45, 45, 45, 50, 50, 50, 54, 54, 54, 57, 57, 57, 66, 66, 66, 58, 58, 58, 45, 45, 45, 45, 45, 45, 45, 45, 45, 45, 45, 45, 45, 45, 45, 45, 45, 45, 45, 45, 45, 45, 45, 45},
{45, 45, 45, 45, 45, 45, 45, 45, 45, 45, 45, 45, 45, 45, 45, 45, 45, 45, 45, 45, 45, 45, 45, 45, 57, 57, 57, 63, 63, 63, 54, 54, 54, 51, 51, 51, 49, 49, 49, 45, 45, 45, 45, 45, 45, 51, 51, 51, 126, 126, 126, 139, 139, 139, 126, 126, 126, 51, 51, 51, 45, 45, 45, 45, 45, 45, 54, 54, 54, 139, 139, 139, 153, 153, 153, 139, 139, 139, 54, 54, 54, 45, 45, 45, 45, 45, 45, 51, 51, 51, 126, 126, 126, 139, 139, 139, 126, 126, 126, 51, 51, 51, 45, 45, 45, 45, 45, 45, 49, 49, 49, 51, 51, 51, 54, 54, 54, 63, 63, 63, 57, 57, 57, 45, 45, 45, 45, 45, 45, 45, 45, 45, 45, 45, 45, 45, 45, 45, 45, 45, 45, 45, 45, 45, 45, 45, 45},
{45, 45, 45, 45, 45, 45, 45, 45, 45, 45, 45, 45, 45, 45, 45, 45, 45, 45, 45, 45, 45, 45, 45, 45, 55, 55, 55, 61, 61, 61, 50, 50, 50, 48, 48, 48, 47, 47, 47, 45, 45, 45, 45, 45, 45, 48, 48, 48, 120, 120, 120, 132, 132, 132, 120, 120, 120, 48, 48, 48, 45, 45, 45, 45, 45, 45, 50, 50, 50, 132, 132, 132, 146, 146, 146, 132, 132, 132, 50, 50, 50, 45, 45, 45, 45, 45, 45, 48, 48, 48, 120, 120, 120, 132, 132, 132, 120, 120, 120, 48, 48, 48, 45, 45, 45, 45, 45, 45, 47, 47, 47, 48, 48, 48, 50, 50, 50, 61, 61, 61, 55, 55, 55, 45, 45, 45, 45, 45, 45, 45, 45, 45, 45, 45, 45, 45, 45, 45, 45, 45, 45, 45, 45, 45, 45, 45, 45},
{45, 45, 45, 45, 45, 45, 45, 45, 45, 45, 45, 45, 45, 45, 45, 45, 45, 45, 45, 45, 45, 45, 45, 45, 54, 54, 54, 57, 57, 57, 47, 47, 47, 47, 47, 47, 47, 47, 47, 45, 45, 45, 45, 45, 45, 47, 47, 47, 115, 115, 115, 123, 123, 123, 115, 115, 115, 47, 47, 47, 45, 45, 45, 45, 45, 45, 47, 47, 47, 123, 123, 123, 137, 137, 137, 123, 123, 123, 47, 47, 47, 45, 45, 45, 45, 45, 45, 47, 47, 47, 115, 115, 115, 123, 123, 123, 115, 115, 115, 47, 47, 47, 45, 45, 45, 45, 45, 45, 47, 47, 47, 47, 47, 47, 47, 47, 47, 57, 57, 57, 54, 54, 54, 45, 45, 45, 45, 45, 45, 45, 45, 45, 45, 45, 45, 45, 45, 45, 45, 45, 45, 45, 45, 45, 45, 45, 45},
{45, 45, 45, 45, 45, 45, 45, 45, 45, 45, 45, 45, 45, 45, 45, 45, 45, 45, 45, 45, 45, 45, 45, 45, 51, 51, 51, 55, 55, 55, 47, 47, 47, 45, 45, 45, 45, 45, 45, 45, 45, 45, 45, 45, 45, 45, 45, 45, 109, 109, 109, 116, 116, 116, 109, 109, 109, 45, 45, 45, 45, 45, 45, 45, 45, 45, 47, 47, 47, 116, 116, 116, 129, 129, 129, 116, 116, 116, 47, 47, 47, 45, 45, 45, 45, 45, 45, 45, 45, 45, 109, 109, 109, 116, 116, 116, 109, 109, 109, 45, 45, 45, 45, 45, 45, 45, 45, 45, 45, 45, 45, 45, 45, 45, 47, 47, 47, 55, 55, 55, 51, 51, 51, 45, 45, 45, 45, 45, 45, 45, 45, 45, 45, 45, 45, 45, 45, 45, 45, 45, 45, 45, 45, 45, 45, 45, 45},
{45, 45, 45, 45, 45, 45, 45, 45, 45, 45, 45, 45, 45, 45, 45, 45, 45, 45, 45, 45, 45, 45, 45, 45, 50, 50, 50, 52, 52, 52, 45, 45, 45, 45, 45, 45, 45, 45, 45, 45, 45, 45, 45, 45, 45, 45, 45, 45, 104, 104, 104, 109, 109, 109, 104, 104, 104, 45, 45, 45, 45, 45, 45, 45, 45, 45, 45, 45, 45, 109, 109, 109, 121, 121, 121, 109, 109, 109, 45, 45, 45, 45, 45, 45, 45, 45, 45, 45, 45, 45, 104, 104, 104, 109, 109, 109, 104, 104, 104, 45, 45, 45, 45, 45, 45, 45, 45, 45, 45, 45, 45, 45, 45, 45, 45, 45, 45, 52, 52, 52, 50, 50, 50, 45, 45, 45, 45, 45, 45, 45, 45, 45, 45, 45, 45, 45, 45, 45, 45, 45, 45, 45, 45, 45, 45, 45, 45},
{45, 45, 45, 45, 45, 45, 45, 45, 45, 45, 45, 45, 45, 45, 45, 45, 45, 45, 45, 45, 45, 45, 45, 45, 48, 48, 48, 50, 50, 50, 45, 45, 45, 45, 45, 45, 45, 45, 45, 45, 45, 45, 45, 45, 45, 45, 45, 45, 98, 98, 98, 102, 102, 102, 98, 98, 98, 45, 45, 45, 45, 45, 45, 45, 45, 45, 45, 45, 45, 102, 102, 102, 114, 114, 114, 102, 102, 102, 45, 45, 45, 45, 45, 45, 45, 45, 45, 45, 45, 45, 98, 98, 98, 102, 102, 102, 98, 98, 98, 45, 45, 45, 45, 45, 45, 45, 45, 45, 45, 45, 45, 45, 45, 45, 45, 45, 45, 50, 50, 50, 48, 48, 48, 45, 45, 45, 45, 45, 45, 45, 45, 45, 45, 45, 45, 45, 45, 45, 45, 45, 45, 45, 45, 45, 45, 45, 45},
{45, 45, 45, 45, 45, 45, 45, 45, 45, 45, 45, 45, 45, 45, 45, 45, 45, 45, 45, 45, 45, 45, 45, 45, 47, 47, 47, 49, 49, 49, 45, 45, 45, 45, 45, 45, 45, 45, 45, 45, 45, 45, 45, 45, 45, 45, 45, 45, 92, 92, 92, 95, 95, 95, 92, 92, 92, 45, 45, 45, 45, 45, 45, 45, 45, 45, 45, 45, 45, 95, 95, 95, 106, 106, 106, 95, 95, 95, 45, 45, 45, 45, 45, 45, 45, 45, 45, 45, 45, 45, 92, 92, 92, 95, 95, 95, 92, 92, 92, 45, 45, 45, 45, 45, 45, 45, 45, 45, 45, 45, 45, 45, 45, 45, 45, 45, 45, 49, 49, 49, 47, 47, 47, 45, 45, 45, 45, 45, 45, 45, 45, 45, 45, 45, 45, 45, 45, 45, 45, 45, 45, 45, 45, 45, 45, 45, 45},
{45, 45, 45, 45, 45, 45, 45, 45, 45, 45, 45, 45, 45, 45, 45, 45, 45, 45, 45, 45, 45, 45, 45, 45, 47, 47, 47, 47, 47, 47, 45, 45, 45, 45, 45, 45, 45, 45, 45, 45, 45, 45, 45, 45, 45, 45, 45, 45, 87, 87, 87, 88, 88, 88, 87, 87, 87, 45, 45, 45, 45, 45, 45, 45, 45, 45, 45, 45, 45, 88, 88, 88, 99, 99, 99, 88, 88, 88, 45, 45, 45, 45, 45, 45, 45, 45, 45, 45, 45, 45, 87, 87, 87, 88, 88, 88, 87, 87, 87, 45, 45, 45, 45, 45, 45, 45, 45, 45, 45, 45, 45, 45, 45, 45, 45, 45, 45, 47, 47, 47, 47, 47, 47, 45, 45, 45, 45, 45, 45, 45, 45, 45, 45, 45, 45, 45, 45, 45, 45, 45, 45, 45, 45, 45, 45, 45, 45},
{45, 45, 45, 45, 45, 45, 45, 45, 45, 45, 45, 45, 45, 45, 45, 45, 45, 45, 45, 45, 45, 45, 45, 45, 47, 47, 47, 47, 47, 47, 45, 45, 45, 45, 45, 45, 45, 45, 45, 45, 45, 45, 45, 45, 45, 45, 45, 45, 82, 82, 82, 80, 80, 80, 82, 82, 82, 45, 45, 45, 45, 45, 45, 45, 45, 45, 45, 45, 45, 80, 80, 80, 91, 91, 91, 80, 80, 80, 45, 45, 45, 45, 45, 45, 45, 45, 45, 45, 45, 45, 82, 82, 82, 80, 80, 80, 82, 82, 82, 45, 45, 45, 45, 45, 45, 45, 45, 45, 45, 45, 45, 45, 45, 45, 45, 45, 45, 47, 47, 47, 47, 47, 47, 45, 45, 45, 45, 45, 45, 45, 45, 45, 45, 45, 45, 45, 45, 45, 45, 45, 45, 45, 45, 45, 45, 45, 45},
{45, 45, 45, 45, 45, 45, 45, 45, 45, 45, 45, 45, 45, 45, 45, 45, 45, 45, 45, 45, 45, 45, 45, 45, 45, 45, 45, 45, 45, 45, 45, 45, 45, 45, 45, 45, 45, 45, 45, 45, 45, 45, 45, 45, 45, 45, 45, 45, 76, 76, 76, 75, 75, 75, 76, 76, 76, 45, 45, 45, 45, 45, 45, 45, 45, 45, 45, 45, 45, 75, 75, 75, 84, 84, 84, 75, 75, 75, 45, 45, 45, 45, 45, 45, 45, 45, 45, 45, 45, 45, 76, 76, 76, 75, 75, 75, 76, 76, 76, 45, 45, 45, 45, 45, 45, 45, 45, 45, 45, 45, 45, 45, 45, 45, 45, 45, 45, 45, 45, 45, 45, 45, 45, 45, 45, 45, 45, 45, 45, 45, 45, 45, 45, 45, 45, 45, 45, 45, 45, 45, 45, 45, 45, 45, 45, 45, 45},
{45, 45, 45, 45, 45, 45, 45, 45, 45, 45, 45, 45, 45, 45, 45, 45, 45, 45, 45, 45, 45, 45, 45, 45, 45, 45, 45, 45, 45, 45, 45, 45, 45, 45, 45, 45, 45, 45, 45, 45, 45, 45, 45, 45, 45, 45, 45, 45, 70, 70, 70, 68, 68, 68, 70, 70, 70, 45, 45, 45, 45, 45, 45, 45, 45, 45, 45, 45, 45, 68, 68, 68, 77, 77, 77, 68, 68, 68, 45, 45, 45, 45, 45, 45, 45, 45, 45, 45, 45, 45, 70, 70, 70, 68, 68, 68, 70, 70, 70, 45, 45, 45, 45, 45, 45, 45, 45, 45, 45, 45, 45, 45, 45, 45, 45, 45, 45, 45, 45, 45, 45, 45, 45, 45, 45, 45, 45, 45, 45, 45, 45, 45, 45, 45, 45, 45, 45, 45, 45, 45, 45, 45, 45, 45, 45, 45, 45},
{45, 45, 45, 45, 45, 45, 45, 45, 45, 45, 45, 45, 45, 45, 45, 45, 45, 45, 45, 45, 45, 45, 45, 45, 45, 45, 45, 45, 45, 45, 45, 45, 45, 45, 45, 45, 45, 45, 45, 45, 45, 45, 45, 45, 45, 45, 45, 45, 65, 65, 65, 61, 61, 61, 65, 65, 65, 45, 45, 45, 45, 45, 45, 45, 45, 45, 45, 45, 45, 61, 61, 61, 70, 70, 70, 61, 61, 61, 45, 45, 45, 45, 45, 45, 45, 45, 45, 45, 45, 45, 65, 65, 65, 61, 61, 61, 65, 65, 65, 45, 45, 45, 45, 45, 45, 45, 45, 45, 45, 45, 45, 45, 45, 45, 45, 45, 45, 45, 45, 45, 45, 45, 45, 45, 45, 45, 45, 45, 45, 45, 45, 45, 45, 45, 45, 45, 45, 45, 45, 45, 45, 45, 45, 45, 45, 45, 45},
{45, 45, 45, 45, 45, 45, 45, 45, 45, 45, 45, 45, 45, 45, 45, 45, 45, 45, 45, 45, 45, 45, 45, 45, 45, 45, 45, 45, 45, 45, 45, 45, 45, 45, 45, 45, 45, 45, 45, 45, 45, 45, 45, 45, 45, 45, 45, 45, 61, 61, 61, 55, 55, 55, 61, 61, 61, 45, 45, 45, 45, 45, 45, 45, 45, 45, 45, 45, 45, 55, 55, 55, 64, 64, 64, 55, 55, 55, 45, 45, 45, 45, 45, 45, 45, 45, 45, 45, 45, 45, 61, 61, 61, 55, 55, 55, 61, 61, 61, 45, 45, 45, 45, 45, 45, 45, 45, 45, 45, 45, 45, 45, 45, 45, 45, 45, 45, 45, 45, 45, 45, 45, 45, 45, 45, 45, 45, 45, 45, 45, 45, 45, 45, 45, 45, 45, 45, 45, 45, 45, 45, 45, 45, 45, 45, 45, 45},
{45, 45, 45, 45, 45, 45, 45, 45, 45, 45, 45, 45, 45, 45, 45, 45, 45, 45, 45, 45, 45, 45, 45, 45, 45, 45, 45, 45, 45, 45, 45, 45, 45, 45, 45, 45, 45, 45, 45, 45, 45, 45, 45, 45, 45, 45, 45, 45, 54, 54, 54, 50, 50, 50, 54, 54, 54, 45, 45, 45, 45, 45, 45, 45, 45, 45, 45, 45, 45, 50, 50, 50, 57, 57, 57, 50, 50, 50, 45, 45, 45, 45, 45, 45, 45, 45, 45, 45, 45, 45, 54, 54, 54, 50, 50, 50, 54, 54, 54, 45, 45, 45, 45, 45, 45, 45, 45, 45, 45, 45, 45, 45, 45, 45, 45, 45, 45, 45, 45, 45, 45, 45, 45, 45, 45, 45, 45, 45, 45, 45, 45, 45, 45, 45, 45, 45, 45, 45, 45, 45, 45, 45, 45, 45, 45, 45, 45},
{45, 45, 45, 45, 45, 45, 45, 45, 45, 45, 45, 45, 45, 45, 45, 45, 45, 45, 45, 45, 45, 45, 45, 45, 45, 45, 45, 45, 45, 45, 45, 45, 45, 45, 45, 45, 45, 45, 45, 45, 45, 45, 45, 45, 45, 45, 45, 45, 50, 50, 50, 47, 47, 47, 50, 50, 50, 45, 45, 45, 45, 45, 45, 45, 45, 45, 45, 45, 45, 47, 47, 47, 51, 51, 51, 47, 47, 47, 45, 45, 45, 45, 45, 45, 45, 45, 45, 45, 45, 45, 50, 50, 50, 47, 47, 47, 50, 50, 50, 45, 45, 45, 45, 45, 45, 45, 45, 45, 45, 45, 45, 45, 45, 45, 45, 45, 45, 45, 45, 45, 45, 45, 45, 45, 45, 45, 45, 45, 45, 45, 45, 45, 45, 45, 45, 45, 45, 45, 45, 45, 45, 45, 45, 45, 45, 45, 45},
}           ;
